ndat  3305
                   0.    
          1.514500000    
          6.252900000    
          15.37600000    
          42.08830000    
          49.65190000    
          52.93400000    
          62.91620000    
          64.81280000    
          70.38150000    
          71.28890000    
          71.80250000    
          77.17040000    
          84.56860000    
          90.88760000    
          90.92460000    
          91.76480000    
          104.6376000    
          119.0206000    
          129.9684000    
          130.7679000    
          131.7494000    
          134.6768000    
          135.0732000    
          137.0678000    
          138.3050000    
          138.4625000    
          140.0623000    
          151.9181000    
          153.8841000    
          168.9914000    
          170.3261000    
          172.8218000    
          180.2951000    
          185.6722000    
          187.1405000    
          190.7892000    
          200.4196000    
          208.0737000    
          219.5508000    
          221.5199000    
          231.6239000    
          231.7873000    
          236.2388000    
          243.0395000    
          259.4703000    
          262.0840000    
          263.6589000    
          266.3544000    
          272.7627000    
          283.8072000    
          289.3559000    
          297.4417000    
          305.7329000    
          317.8362000    
          326.8105000    
          328.0805000    
          329.6222000    
          332.3441000    
          332.6016000    
          337.0528000    
          339.6405000    
          340.5340000    
          342.5176000    
          346.1384000    
          347.9491000    
          361.5997000    
          369.5207000    
          372.4480000    
          376.2167000    
          381.4498000    
          386.2256000    
          386.2389000    
          395.1839000    
          405.5761000    
          416.4081000    
          420.3351000    
          420.7873000    
          421.3270000    
          424.3162000    
          427.2422000    
          442.4927000    
          449.9014000    
          453.3270000    
          465.1657000    
          470.7114000    
          472.1609000    
          478.0129000    
          481.6332000    
          483.9506000    
          484.5061000    
          488.9348000    
          501.5912000    
          511.1290000    
          514.3936000    
          519.4206000    
          522.0852000    
          526.6683000    
          545.0110000    
          565.6653000    
          572.7427000    
          575.7327000    
          576.2152000    
          579.9984000    
          595.7507000    
          605.3489000    
          614.1096000    
          614.2549000    
          620.3105000    
          623.2858000    
          625.6891000    
          626.9671000    
          644.9896000    
          671.3163000    
          672.2951000    
          676.8930000    
          689.6268000    
          699.3894000    
          714.3047000    
          724.4426000    
          729.5255000    
          748.8031000    
          754.6916000    
          755.4540000    
          767.0222000    
          773.3568000    
          773.7145000    
          778.6455000    
          782.7762000    
          783.5162000    
          784.2612000    
          785.8254000    
          787.9969000    
          792.2750000    
          799.6491000    
          799.8719000    
          818.1615000    
          825.9887000    
          827.0375000    
          834.5552000    
          839.6218000    
          844.1508000    
          851.3315000    
          857.1699000    
          864.6163000    
          865.0537000    
          869.3962000    
          872.7961000    
          873.5628000    
          889.5571000    
          900.2156000    
          900.7916000    
          905.8289000    
          907.7000000    
          917.7098000    
          933.0408000    
          941.6868000    
          945.5468000    
          956.6453000    
          961.9698000    
          964.7588000    
          975.9585000    
          984.5326000    
          1000.866000    
          1001.637700    
          1011.502000    
          1013.535100    
          1016.272600    
          1026.095700    
          1034.867000    
          9483.775300    
          9496.048400    
          9496.435100    
          9498.227000    
          9498.833600    
          9502.861700    
          9505.872800    
          9506.384200    
          9511.655200    
          9519.533300    
          9519.547000    
          9519.974700    
          9521.229000    
          9523.768200    
          9527.076300    
          9529.526000    
          9531.531600    
          9537.194100    
          9540.094200    
          9540.584900    
          9542.256200    
          9553.965500    
          9558.296100    
          9576.562400    
          9577.302400    
          9582.914400    
          9591.336200    
          9596.785900    
          9598.639200    
          9604.119200    
          9613.622900    
          9614.291800    
          9616.753000    
          9619.113400    
          9628.652300    
          9637.724400    
          9642.557900    
          9643.900800    
          9650.740200    
          9650.827300    
          9669.945200    
          9672.949000    
          9680.058400    
          9680.131500    
          9680.207900    
          9701.504000    
          9711.909200    
          9721.488900    
          9735.689900    
          9748.350200    
          9759.180000    
          9761.404400    
          9762.494500    
          9765.085500    
          9771.960100    
          9777.385000    
          9777.459300    
          9795.832000    
          9812.478800    
          9813.673800    
          9828.280000    
          9833.830400    
          9839.748900    
          9840.120000    
          9840.314800    
          9842.208600    
          9843.324300    
          9844.671800    
          9848.895600    
          9870.964900    
          9872.089600    
          9875.945000    
          9880.117000    
          9880.466600    
          9881.488600    
          9883.515300    
          9907.130500    
          9911.317200    
          9927.548700    
          9928.092700    
          9935.445700    
          9955.897500    
          9964.986800    
          9966.278300    
          9968.834500    
          9970.266200    
          9973.550900    
          9982.358900    
          9986.717200    
          9989.338500    
          9992.222100    
          10011.10970    
          10021.86830    
          10022.96820    
          10023.01840    
          10023.31030    
          10025.68990    
          10036.98310    
          10046.46470    
          10048.54080    
          10050.54000    
          10056.66680    
          10062.47900    
          10063.37270    
          10065.91750    
          10071.55720    
          10076.19210    
          10090.08240    
          10101.95740    
          10105.04350    
          10106.66470    
          10125.00970    
          10132.17860    
          10140.13420    
          10144.89220    
          10157.83280    
          10158.89530    
          10160.23650    
          10160.33150    
          10165.92160    
          10168.19620    
          10171.00590    
          10174.80300    
          10183.40400    
          10189.30460    
          10193.28730    
          10195.24010    
          10202.07720    
          10213.91180    
          10217.08130    
          10217.91440    
          10217.98430    
          10218.61960    
          10247.93870    
          10248.96470    
          10261.99400    
          10269.94660    
          10276.01690    
          10277.10300    
          10277.80340    
          10282.74590    
          10283.27460    
          10288.94050    
          10298.09150    
          10300.35490    
          10309.61260    
          10313.50640    
          10314.75660    
          10315.09500    
          10316.78140    
          10325.57070    
          10335.71300    
          10341.19110    
          10348.07070    
          10353.89290    
          10364.43550    
          10366.28090    
          10371.90620    
          10374.88220    
          10378.53580    
          10379.88390    
          10389.74160    
          10394.86610    
          10404.54130    
          10434.64210    
          10436.03290    
          10440.62100    
          10441.84820    
          10443.12530    
          10449.55210    
          10450.75200    
          10450.78300    
          10459.55510    
          10467.81340    
          10475.97380    
          10488.53350    
          10490.91360    
          10491.39520    
          10503.19150    
          10513.13210    
          10513.20580    
          10516.43630    
          10544.94050    
          10555.27310    
          10561.82750    
          10580.31720    
          10584.18550    
          10586.62950    
          10592.70050    
          10595.43580    
          10597.76290    
          10599.26850    
          10623.96310    
          10628.29590    
          10630.84340    
          10637.07140    
          10638.53840    
          10640.22640    
          10644.37330    
          10648.91080    
          10651.25980    
          10654.34950    
          10659.11590    
          10662.57130    
          10663.23970    
          10672.67980    
          10678.19300    
          10680.92450    
          10681.42950    
          10682.19890    
          10701.57160    
          10705.11670    
          10706.44310    
          10707.32950    
          10710.71660    
          10714.01530    
          10722.98000    
          10725.85830    
          10729.46380    
          15298.97950    
          15301.48890    
          15312.72850    
          15315.04340    
          15319.54210    
          15322.58220    
          15344.71360    
          15355.33380    
          15371.16390    
          15385.72000    
          15392.78940    
          15400.65030    
          15407.46160    
          15415.82770    
          15420.68820    
          15428.21300    
          15443.41340    
          15446.71230    
          15452.39690    
          15455.64890    
          15460.31220    
          15461.60330    
          15494.78650    
          15495.08810    
          15497.64090    
          15501.74090    
          15505.93110    
          15521.15300    
          15523.89330    
          15533.72210    
          15534.31830    
          15539.62840    
          15539.92170    
          15542.49650    
          15543.71750    
          15545.19100    
          15553.53140    
          15555.12530    
          15557.67590    
          15559.41580    
          15560.73700    
          15562.47770    
          15588.48800    
          15591.16940    
          15592.80440    
          15605.89330    
          15607.72090    
          15609.46080    
          15616.15630    
          15620.09580    
          15630.99940    
          15647.49910    
          15650.57280    
          15651.08920    
          15653.68970    
          15656.67660    
          15662.44980    
          15667.71430    
          15668.90360    
          15669.65450    
          15673.31980    
          15674.05470    
          15677.83210    
          15678.32040    
          15679.57280    
          15679.59190    
          15681.52030    
          15683.54110    
          15685.51990    
          15690.56560    
          15698.11660    
          15699.64230    
          15707.82500    
          15714.33480    
          15727.83680    
          15735.50900    
          15738.44230    
          15745.88580    
          15764.99500    
          15769.40320    
          15770.95310    
          15774.23090    
          15784.28590    
          15796.81320    
          15813.44670    
          15823.83320    
          15836.35410    
          15839.22640    
          15840.16710    
          15864.96480    
          15873.60260    
          15877.22900    
          15877.31590    
          15877.73700    
          15878.00800    
          15881.49470    
          15887.41750    
          15896.35160    
          15897.56480    
          15898.83370    
          15899.27040    
          15904.59550    
          15917.04960    
          15919.56670    
          15919.99620    
          15927.49730    
          15941.32050    
          15947.16320    
          15961.12420    
          15964.54620    
          15969.20460    
          15971.74280    
          15980.50160    
          15981.59950    
          16005.95850    
          16015.65860    
          16019.98770    
          16022.61170    
          16024.61130    
          16030.44240    
          16037.84500    
          16042.01630    
          16042.10080    
          16056.70570    
          16058.65690    
          16059.98450    
          16064.40570    
          16067.85260    
          16068.33830    
          16085.25310    
          16087.65320    
          16089.83600    
          16096.66350    
          16100.94760    
          16110.11420    
          16111.05760    
          16113.74060    
          16114.60950    
          16124.56600    
          16128.75830    
          16134.04570    
          16134.73290    
          16136.37060    
          16146.27730    
          16188.25980    
          16196.73860    
          16202.04860    
          16205.12650    
          16206.51590    
          16209.26050    
          16209.52170    
          16217.60870    
          16223.79750    
          16227.48000    
          16234.20340    
          16243.88660    
          16256.49950    
          16257.21540    
          16258.73550    
          16276.80260    
          16279.58220    
          16287.70760    
          16291.20310    
          16308.05790    
          16309.30450    
          16309.56980    
          16311.59110    
          16313.96560    
          16320.29180    
          16324.06470    
          16325.38890    
          16326.67400    
          16348.00330    
          16357.44970    
          16358.36150    
          16368.28550    
          16368.51350    
          16369.31580    
          16369.97130    
          16376.50600    
          16376.81810    
          16381.84560    
          16384.24260    
          16385.55270    
          16387.46460    
          16395.57370    
          16399.38780    
          16413.02180    
          16414.21450    
          16414.95280    
          16419.13990    
          16425.08350    
          16434.60120    
          16436.08200    
          16437.42600    
          16439.70840    
          16440.50170    
          16455.24210    
          16460.59350    
          16464.02920    
          16469.80440    
          16474.07820    
          16476.85280    
          16477.32420    
          16484.81810    
          16492.15500    
          16496.95530    
          16497.84980    
          16504.40600    
          16510.30280    
          16512.56590    
          16514.48180    
          16521.93190    
          16522.05890    
          16527.19760    
          16535.14640    
          16535.38460    
          16535.75300    
          16536.31000    
          16536.72790    
          16544.34130    
          16545.30900    
          16550.72240    
          16552.51970    
          16556.18800    
          16557.68670    
          16566.81150    
          16568.08660    
          16583.20110    
          16586.59380    
          16591.23760    
          16611.03030    
          16614.23910    
          16619.95560    
          16620.79710    
          21062.94260    
          21063.91180    
          21079.14350    
          21079.66290    
          21083.61450    
          21089.01230    
          21101.97730    
          21109.39780    
          21110.45920    
          21114.84110    
          21116.46420    
          21117.04300    
          21124.93140    
          21127.70210    
          21132.79570    
          21135.89120    
          21137.90270    
          21138.71420    
          21146.71150    
          21155.20670    
          21155.74600    
          21157.84480    
          21159.70600    
          21174.91890    
          21177.52810    
          21177.75720    
          21179.23470    
          21183.60450    
          21183.78720    
          21185.18790    
          21185.34360    
          21189.60460    
          21189.87470    
          21196.93890    
          21197.03360    
          21213.03750    
          21219.13370    
          21225.03550    
          21225.30170    
          21228.15040    
          21231.39670    
          21238.32450    
          21242.60220    
          21253.31150    
          21253.65670    
          21253.82180    
          21265.59200    
          21269.66710    
          21270.33110    
          21280.07280    
          21284.69600    
          21287.84350    
          21290.85570    
          21298.02890    
          21311.53240    
          21324.86220    
          21331.77530    
          21339.57370    
          21346.84320    
          21349.92590    
          21351.20390    
          21372.62630    
          21374.85860    
          21383.32380    
          21388.00120    
          21388.01310    
          21391.96050    
          21412.43100    
          21412.61840    
          21416.53470    
          21423.64090    
          21425.55110    
          21441.08660    
          21443.39320    
          21446.71170    
          21458.23820    
          21460.64970    
          21460.80900    
          21463.02740    
          21469.15040    
          21469.74460    
          21471.29150    
          21489.73440    
          21498.99700    
          21512.29220    
          21514.57320    
          21515.30250    
          21516.73740    
          21517.10700    
          21521.85570    
          21526.64470    
          21531.11540    
          21549.60920    
          21549.90930    
          21557.86060    
          21565.39030    
          21569.81660    
          21578.23000    
          21584.65240    
          21589.16840    
          21599.56120    
          21603.06330    
          21608.10320    
          21611.82760    
          21624.09890    
          21628.26030    
          21628.52320    
          21642.27020    
          21652.06820    
          21658.81830    
          21661.22770    
          21661.35100    
          21665.16720    
          21668.48300    
          21670.83740    
          21673.80810    
          21680.80500    
          21682.39510    
          21686.28280    
          21688.18970    
          21693.64770    
          21694.50020    
          21695.05550    
          21701.98760    
          21702.21530    
          21710.67480    
          21713.27420    
          21717.72100    
          21718.62160    
          21719.98150    
          21720.14690    
          21721.36990    
          21733.82840    
          21737.49150    
          21738.19870    
          21738.87500    
          21741.62090    
          21746.82020    
          21752.26630    
          21752.80200    
          21756.76930    
          21760.17820    
          21760.90390    
          21782.25180    
          21784.70580    
          26818.37990    
          26824.13200    
          26831.21470    
          26841.32360    
          26843.01400    
          26843.79590    
          26858.09290    
          26869.38790    
          26870.59520    
          26872.35060    
          26873.62560    
          26893.44190    
          26894.16260    
          26896.39760    
          26900.87420    
          26908.54580    
          26920.15360    
          26920.71340    
          26930.13220    
          26935.82070    
          26939.52090    
          26942.05720    
          26943.85200    
          26946.39950    
          26956.44550    
          26961.50010    
          26962.69850    
          26963.39780    
          26969.45180    
          26974.51570    
          26975.82940    
          26979.90970    
          26988.68180    
          26993.41430    
          26997.37080    
          26999.52360    
          27007.86360    
          27011.57850    
          27016.99370    
          27017.04420    
          27027.64460    
          27029.62490    
          27031.25970    
          27037.68270    
          27037.88470    
          27043.67780    
          27058.12690    
          27069.36560    
          27077.34500    
          27081.35150    
          27082.85060    
          27084.90300    
          27085.03450    
          27103.80010    
          27104.00450    
          27114.53890    
          27115.38680    
          27116.82840    
          27118.13290    
          27135.25230    
          27146.70270    
          27154.60470    
          32578.66030    
          32582.55800    
          32583.80250    
          32585.02530    
          32592.51200    
          32604.14500    
          32614.18610    
          32623.07680    
          32624.63790    
          32631.44770    
          32643.67330    
          32648.11450    
          32650.94150    
          32653.62200    
          32656.76300    
          32657.08240    
          32671.19780    
          32673.21110    
          32676.26900    
          32677.46880    
          32688.29700    
          32689.51520    
          32696.29300    
          32699.49160    
          32701.66480    
          32703.11690    
          32707.86370    
          32707.92400    
          32721.26050    
          32724.94190    
          32728.70100    
          32729.13030    
          32730.09320    
          32732.50800    
          32732.67070    
          32737.30140    
          32742.27550    
          32746.48980    
          32755.89550    
          32766.37260    
          32768.36310    
          32776.23410    
          32804.07450    
          32810.03740    
          32816.38970    
          32826.47920    
          32835.17250    
          32846.26170    
          32851.24790    
          32853.17450    
          32856.21800    
          32860.39060    
          32862.40790    
          32864.22430    
          32866.98210    
          32875.49800    
          32877.53690    
          32878.28130    
          32879.13850    
          32884.69350    
          32885.45480    
          32886.21920    
          32895.95390    
          32910.90240    
          32915.84460    
          38336.76610    
          38339.21280    
          38339.42320    
          38342.51830    
          38345.34110    
          38350.92120    
          38369.82100    
          38372.44670    
          38375.94030    
          38383.83460    
          38391.71790    
          38393.22230    
          38394.42510    
          38414.41880    
          38428.68310    
          38436.85510    
          38437.51770    
          38444.67810    
          38446.86910    
          38458.61330    
          38458.82060    
          38465.17670    
          38467.86700    
          38467.99310    
          38468.40120    
          38470.37970    
          38471.91990    
          38475.60520    
          38491.76640    
          38492.86260    
          38506.10360    
          38510.24380    
          38529.07430    
          38529.61630    
          38538.84600    
          38539.44960    
          38550.51250    
          38551.33410    
          38554.06700    
          38567.77330    
          38569.75290    
          38575.56370    
          38582.72270    
          38585.72350    
          38602.39990    
          38637.41770    
          38650.43180    
          38653.54810    
          38655.75970    
          38666.24770    
          38683.11020    
          38683.51550    
          38685.85210    
          38692.02240    
          38692.58590    
          38695.41780    
          38703.09830    
          38706.68290    
          38714.24380    
          38727.13500    
          38727.63170    
          38734.23310    
          38738.86810    
          38743.13180    
          38744.66260    
          38746.88350    
          38756.76720    
          38769.64410    
          38777.76470    
          38778.25080    
          38778.60470    
          44098.82730    
          44099.91380    
          44104.51460    
          44111.18720    
          44121.48110    
          44122.01980    
          44122.02370    
          44122.65390    
          44128.18310    
          44129.49130    
          44130.32370    
          44131.85250    
          44133.59460    
          44136.56800    
          44139.41680    
          44139.98250    
          44143.05080    
          44145.40940    
          44154.59550    
          44167.71710    
          44170.53140    
          44175.41750    
          44175.67670    
          44184.30520    
          44186.71370    
          44194.15730    
          44194.86190    
          44197.44640    
          44198.65480    
          44204.06840    
          44205.63220    
          44214.32410    
          44217.67490    
          44220.27970    
          44221.40790    
          44226.08960    
          44232.15270    
          44232.87230    
          44236.10300    
          44236.91060    
          44245.11060    
          44256.36280    
          44258.33680    
          44267.84050    
          44272.74540    
          44276.69500    
          44278.68740    
          44279.11060    
          44283.74900    
          44284.49610    
          44296.52540    
          44297.39750    
          44302.49540    
          44313.86780    
          44317.75320    
          44324.82070    
          44327.44630    
          44330.49970    
          44337.04970    
          44341.99790    
          44343.09300    
          44356.55270    
          44361.64710    
          44373.64020    
          44383.03770    
          44384.49460    
          44388.52900    
          44394.62490    
          44406.33670    
          44420.55790    
          44426.85270    
          44429.67580    
          44431.89640    
          44444.08500    
          44450.94310    
          44460.86130    
          44471.89380    
          44482.16540    
          44484.41160    
          44485.25110    
          44486.88210    
          44492.09670    
          44493.69610    
          44499.71790    
          44505.05620    
          44509.70210    
          44518.81650    
          44522.47630    
          44523.92000    
          44526.07670    
          44536.30680    
          44536.90770    
          44556.87040    
          44558.61230    
          44558.91030    
          44560.63690    
          44564.44400    
          44567.29600    
          44572.87720    
          44575.23370    
          44576.56320    
          44580.28700    
          44587.14100    
          44587.41650    
          44593.83800    
          44594.59890    
          44596.86590    
          44602.21960    
          44620.23920    
          44620.38460    
          44623.35750    
          44624.38060    
          44628.83920    
          44632.06960    
          44633.25610    
          44643.25040    
          44647.89910    
          44655.99420    
          44656.54950    
          44666.49330    
          44673.79080    
          44673.95880    
          44675.32600    
          44684.52230    
          44700.54550    
          44705.89710    
          44715.25680    
          44715.54540    
          44723.60970    
          44737.50860    
          44740.78210    
          44754.06910    
          49856.66830    
          49867.81160    
          49869.44640    
          49871.82370    
          49874.04160    
          49875.65250    
          49883.91940    
          49900.29910    
          49901.78460    
          49908.20540    
          49916.83190    
          49916.88540    
          49919.37140    
          49922.82620    
          49927.01390    
          49931.44380    
          49939.13610    
          49953.37480    
          49960.63160    
          49967.62860    
          49971.38990    
          49976.28020    
          49980.50920    
          49989.62360    
          49998.78590    
          49999.05600    
          50000.34050    
          50011.28430    
          50013.21900    
          50018.25990    
          50020.20310    
          50022.97790    
          50024.61180    
          50025.92410    
          50033.14700    
          50044.23790    
          50044.62410    
          50055.71150    
          50060.95430    
          50064.56960    
          50083.39350    
          50087.48440    
          50089.37730    
          50094.66340    
          50102.10330    
          50102.57910    
          50104.25840    
          50105.16020    
          50109.37910    
          50110.17450    
          50112.01400    
          50127.53530    
          50133.03900    
          50133.51490    
          50133.88260    
          50140.01490    
          50142.15430    
          50149.40990    
          50155.43390    
          50155.77890    
          50156.40060    
          50159.95820    
          50159.97960    
          50183.61290    
          50194.30120    
          50198.06320    
          50202.07050    
          50202.79930    
          50211.67130    
          50214.60710    
          50216.82850    
          50218.82460    
          50222.81620    
          50224.59460    
          50228.04790    
          50231.33080    
          50236.65880    
          50238.08020    
          50238.68520    
          50240.40060    
          50248.37460    
          50258.83940    
          50261.24930    
          50261.77140    
          50262.23190    
          50263.85620    
          50263.87470    
          50270.03110    
          50270.70740    
          50272.30320    
          50273.45760    
          50273.66370    
          50278.44820    
          50278.48610    
          50282.09790    
          50302.05890    
          50302.27010    
          50304.36360    
          50305.84370    
          50309.00750    
          50320.61930    
          50324.98920    
          50325.13170    
          50327.54850    
          50329.56350    
          50330.44660    
          50337.43250    
          50357.05180    
          50361.23660    
          50371.99610    
          50373.10630    
          50376.53400    
          50379.35260    
          50384.04870    
          50387.86700    
          50407.64260    
          50408.70720    
          50409.31450    
          50423.59240    
          50424.17540    
          50424.82300    
          50425.69720    
          50426.34360    
          50426.36470    
          50430.62060    
          50434.51770    
          50437.49110    
          50452.46290    
          50454.64260    
          50456.43450    
          50469.66630    
          50475.77940    
          50485.91450    
          50488.17230    
          50490.01500    
          50491.89230    
          50493.45750    
          50496.97470    
          50498.80760    
          50504.06970    
          50504.33310    
          50505.67460    
          50508.45710    
          50515.76360    
          50536.01990    
          50539.84270    
          50554.53420    
          50558.45450    
          50562.89860    
          50565.11840    
          50569.05190    
          50575.59660    
          50577.73660    
          50580.18140    
          50582.11470    
          50586.49170    
          50601.23410    
          50603.51040    
          50616.33060    
          50621.28630    
          50624.13810    
          50626.88120    
          50631.18990    
          50641.98140    
          50643.92120    
          50644.74340    
          50648.12680    
          50658.39200    
          50660.28650    
          50664.83400    
          50666.84360    
          50670.50630    
          50672.62360    
          50680.19400    
          50680.30610    
          50683.39320    
          50683.62430    
          50688.87290    
          50693.29100    
          50697.97540    
          50697.99700    
          50705.52500    
          50705.74680    
          50707.03940    
          50709.31300    
          50715.42730    
          50732.13170    
          50732.77490    
          50736.26380    
          50742.31040    
          50743.25840    
          50743.38210    
          50753.45230    
          50755.07100    
          50757.10190    
          50758.89460    
          50767.20110    
          50798.59030    
          50800.91640    
          50803.91700    
          50808.41840    
          50809.71950    
          50812.80350    
          50815.47430    
          50817.68360    
          50821.79370    
          50833.04780    
          50833.54990    
          50836.34970    
          50842.49890    
          50848.26160    
          50850.34480    
          50855.09820    
          50872.57150    
          50876.52930    
          50878.13260    
          50891.62590    
          50907.66160    
          50922.14930    
          50946.51670    
          50953.18280    
          50958.86040    
          50961.29950    
          50973.16910    
          50982.25940    
          50982.59800    
          50989.40660    
          50990.42680    
          50990.90260    
          50994.68890    
          50998.96040    
          51002.20640    
          51022.23890    
          51030.07480    
          51040.59570    
          51040.86440    
          51041.39130    
          51052.64860    
          51059.00070    
          51070.82620    
          51071.16490    
          51071.49610    
          51071.86230    
          51077.23070    
          51077.44170    
          51081.41730    
          51081.97690    
          51082.69780    
          51089.44610    
          51090.45950    
          51093.51540    
          51102.56840    
          51113.26690    
          51115.92620    
          51128.25940    
          51138.70670    
          51156.79620    
          51159.48010    
          51160.39630    
          51160.47610    
          51165.79960    
          51174.48650    
          51177.03830    
          51177.22160    
          51179.55730    
          51184.32240    
          51191.62740    
          51192.02390    
          51193.19440    
          51195.94130    
          51202.50050    
          51205.33680    
          51208.89010    
          51209.96690    
          51218.79650    
          51231.18320    
          51232.62340    
          51239.89540    
          51240.57570    
          51259.61030    
          52644.67320    
          52650.46490    
          52654.93840    
          52656.40120    
          52660.15330    
          52661.80130    
          52662.68300    
          52663.00600    
          52665.02970    
          52676.99170    
          52677.10290    
          52695.19930    
          52702.27690    
          52716.45520    
          52729.53870    
          52730.80670    
          52730.95020    
          52743.72280    
          52750.75650    
          52772.15720    
          52774.43750    
          52781.62920    
          52797.23620    
          52805.81870    
          52806.73030    
          52808.42710    
          52817.66880    
          52826.78900    
          52837.27890    
          52837.29860    
          52843.73160    
          52857.35800    
          52865.53310    
          52867.59320    
          52869.35060    
          52874.54920    
          52884.82980    
          52890.03620    
          52894.45870    
          52895.02500    
          52896.48330    
          52901.34780    
          52904.82420    
          52915.39110    
          55620.79590    
          55639.87520    
          55640.96060    
          55649.27930    
          55654.47380    
          55655.88530    
          55656.71480    
          55663.16920    
          55667.35700    
          55670.94050    
          55671.45110    
          55672.22030    
          55695.11470    
          55695.63740    
          55713.81330    
          55727.55010    
          55728.18620    
          55728.34950    
          55731.44920    
          55767.69140    
          55770.88230    
          55776.83520    
          55780.42030    
          55781.31390    
          55782.23550    
          55786.75380    
          55795.97540    
          55805.11300    
          55818.42130    
          55818.46490    
          55824.16110    
          55839.87050    
          55844.30750    
          55846.27310    
          55851.57850    
          55859.31900    
          55877.11710    
          55879.82110    
          55887.07910    
          55890.90190    
          55897.81100    
          55904.28580    
          55908.37290    
          55918.71450    
          55934.47970    
          55934.69930    
          55936.50620    
          55938.64850    
          55941.52950    
          55944.54930    
          55945.55260    
          55954.02630    
          55957.47860    
          55960.33100    
          55965.17570    
          55966.50520    
          55973.92750    
          55984.79540    
          55988.10810    
          55991.34900    
          55994.91600    
          55997.19440    
          55997.60590    
          56018.24210    
          56027.34470    
          56038.88840    
          56046.96670    
          56055.38350    
          56056.85070    
          56058.95380    
          56065.02180    
          56065.48200    
          56068.04810    
          56081.44460    
          56087.48340    
          56090.46570    
          56097.09880    
          56098.67730    
          56102.60630    
          56118.41140    
          56130.47620    
          56133.42570    
          56139.88070    
          56140.68210    
          56141.75740    
          56144.97480    
          56164.00060    
          56165.07320    
          56166.77300    
          56167.73420    
          56174.86720    
          56187.51320    
          56190.35410    
          56193.08160    
          56208.67650    
          56213.93390    
          56230.27260    
          56236.59310    
          56239.36060    
          56245.12010    
          56247.98860    
          56252.63870    
          56253.93700    
          56261.28220    
          56267.46050    
          56286.40260    
          56290.53770    
          56290.71900    
          56291.49680    
          56295.48240    
          56297.13330    
          56297.86670    
          56299.80700    
          56302.12910    
          56307.43530    
          56310.84730    
          56315.44790    
          56318.71490    
          56335.68300    
          56338.61770    
          56340.77690    
          56346.57610    
          56348.32230    
          56353.97320    
          56356.91570    
          56359.95330    
          56364.97980    
          56367.80110    
          56368.03510    
          56378.59920    
          56390.57890    
          56416.92710    
          56418.92570    
          56430.02140    
          56431.64000    
          56434.24910    
          56437.29910    
          56441.36950    
          56451.13520    
          56451.56180    
          56455.41210    
          56474.10760    
          56478.05500    
          56480.55880    
          56483.34980    
          56483.64000    
          56491.77480    
          56520.02700    
          56521.08990    
          56522.31140    
          56524.89880    
          56539.92260    
          56540.99200    
          56548.46280    
          56552.56240    
          56557.03920    
          56557.45320    
          56558.50990    
          56559.89110    
          56564.29870    
          56575.95430    
          56577.84820    
          56584.65240    
          56585.07760    
          56602.31290    
          56616.22180    
          56617.09900    
          56617.84420    
          56618.85990    
          56636.04590    
          56641.37870    
          56657.60800    
          56657.96800    
          56658.27970    
          56670.07350    
          56670.73980    
          56676.70270    
          56686.90940    
          56701.11520    
          56722.51740    
          56723.59020    
          56724.57580    
          56729.26960    
          56744.50020    
          56748.62350    
          56764.95110    
          56770.66720    
          56771.24740    
          56776.21550    
          56784.47780    
          56796.32500    
          56801.05400    
          56802.91580    
          56811.04720    
          56813.76000    
          56816.96620    
          56817.56630    
          56819.86130    
          56822.70140    
          56824.13880    
          56830.68540    
          56840.06090    
          56843.79350    
          56856.55870    
          56861.19470    
          56872.01200    
          56873.55560    
          56879.77090    
          56883.86710    
          56896.19530    
          56897.89100    
          56904.50320    
          56912.58420    
          56921.17210    
          56928.97250    
          56935.44610    
          56941.71080    
          56955.32260    
          56961.22020    
          56962.71380    
          56965.69200    
          56970.94430    
          56973.67000    
          56977.27330    
          56980.76750    
          56994.47670    
          57003.57550    
          57005.10560    
          57009.99580    
          57015.59040    
          57019.78720    
          57020.41380    
          57022.54670    
          57024.04320    
          57027.62520    
          57033.83130    
          57034.54210    
          57035.53810    
          57042.39380    
          57045.17510    
          57045.79810    
          57061.20820    
          57063.26760    
          57064.79040    
          57071.00670    
          57073.78760    
          57075.50940    
          57092.61770    
          57095.56290    
          57103.97960    
          57113.25200    
          57126.99580    
          57147.45130    
          57147.93520    
          57158.02790    
          57173.03590    
          57174.30270    
          57201.94060    
          57205.55080    
          57227.89840    
          57239.12350    
          57239.61840    
          57244.37350    
          57252.54410    
          57253.71850    
          57256.13890    
          57258.33280    
          57260.42860    
          57266.49580    
          57269.85280    
          57273.10790    
          57277.11660    
          61382.78840    
          61388.03560    
          61400.33610    
          61407.52300    
          61410.05410    
          61422.08210    
          61422.77780    
          61426.78400    
          61427.02460    
          61428.66640    
          61429.24340    
          61430.15650    
          61430.44500    
          61433.44100    
          61440.14690    
          61447.05180    
          61460.70880    
          61462.68870    
          61462.85120    
          61466.00850    
          61468.65160    
          61472.92630    
          61480.21310    
          61487.64460    
          61490.71770    
          61495.16880    
          61497.49370    
          61499.25600    
          61499.86850    
          61502.60030    
          61511.03160    
          61511.22380    
          61513.68990    
          61522.69360    
          61523.15270    
          61523.94370    
          61532.48430    
          61538.70390    
          61540.86270    
          61542.64840    
          61543.38380    
          61547.48540    
          61554.72140    
          61556.45150    
          61563.19860    
          61572.89460    
          61573.36720    
          61577.75080    
          61583.90560    
          61588.20190    
          61596.58880    
          61599.45010    
          61607.26720    
          61608.32770    
          61610.85750    
          61613.33690    
          61614.30660    
          61615.18610    
          61616.01970    
          61623.02580    
          61625.46680    
          61626.13550    
          61637.23240    
          61643.95860    
          61651.17430    
          61658.12690    
          61659.36660    
          61668.12680    
          61674.05730    
          61675.27900    
          61680.12180    
          61681.89840    
          61687.84780    
          61696.95860    
          61700.35340    
          61704.13520    
          61705.41930    
          61710.35180    
          61712.07990    
          61713.06820    
          61723.01540    
          61724.08960    
          61731.83330    
          61737.29570    
          61740.03710    
          61777.30830    
          61779.16510    
          61779.99570    
          61783.65140    
          61795.71600    
          61799.22090    
          61806.16120    
          61808.16830    
          61808.27000    
          61824.45090    
          61827.48300    
          61838.29160    
          61838.82740    
          61842.02640    
          61845.76610    
          61847.05310    
          61851.01910    
          61863.74160    
          61875.94580    
          61882.15300    
          61882.44390    
          61883.83290    
          61894.72350    
          61898.26320    
          61908.22540    
          61908.73280    
          61916.19150    
          61919.31280    
          61919.88390    
          61920.68370    
          61922.43170    
          61922.67270    
          61931.08210    
          61931.49050    
          61932.80780    
          61940.33430    
          61945.74460    
          61946.89470    
          61949.74100    
          61954.07220    
          61958.35790    
          61962.41720    
          61963.33120    
          61963.75900    
          61964.68280    
          61968.07250    
          61969.85680    
          61979.47770    
          61983.30200    
          61990.38470    
          61998.99540    
          62010.20060    
          62016.42250    
          62019.50040    
          62025.32850    
          62025.94970    
          62030.77550    
          62035.79160    
          62037.22070    
          62040.68970    
          62048.34160    
          62058.22540    
          62066.67380    
          62076.08420    
          62084.92570    
          62087.52840    
          62089.58480    
          62092.34050    
          62095.89560    
          62096.22030    
          62097.48160    
          62099.56850    
          62099.70820    
          62108.46460    
          62109.37370    
          62110.89760    
          62113.60880    
          62115.08910    
          62116.48640    
          62123.03630    
          62129.89380    
          62130.48660    
          62135.45680    
          62136.50320    
          62150.46370    
          62167.46280    
          62169.11360    
          62170.58280    
          62170.97940    
          62171.38260    
          62178.31630    
          62202.15530    
          62208.34990    
          62214.96640    
          62221.75540    
          62221.92270    
          62229.79680    
          62244.80590    
          62244.94050    
          62253.39320    
          62262.14950    
          62294.44010    
          62297.72540    
          62303.11920    
          62303.89620    
          62311.58130    
          62311.96710    
          62312.48680    
          62315.35880    
          62316.20360    
          62318.70580    
          62321.94790    
          62325.77100    
          62332.03170    
          62333.03980    
          62338.61620    
          62354.92760    
          62359.89530    
          62361.36500    
          62362.85740    
          62367.81400    
          62373.70220    
          62376.44810    
          62377.73700    
          62380.92030    
          62381.90660    
          62382.53130    
          62384.00940    
          62384.61890    
          62389.58390    
          62390.22210    
          62390.62120    
          62392.05740    
          62396.47100    
          62397.25350    
          62407.52760    
          62410.00160    
          62425.45780    
          62426.88930    
          62435.85040    
          62440.92740    
          62443.30000    
          62445.86950    
          62446.86740    
          62449.40170    
          62449.56710    
          62456.39000    
          62463.82520    
          62464.13140    
          62469.96050    
          62470.70650    
          62474.64740    
          62475.57240    
          62489.49450    
          62490.64430    
          62515.31660    
          62517.35320    
          62527.29750    
          62533.28980    
          62536.25850    
          62540.70320    
          62541.43420    
          62546.96430    
          62549.91860    
          62552.85480    
          62566.71080    
          62570.29670    
          62582.22440    
          62585.65050    
          62595.70510    
          62611.58800    
          62620.67910    
          62622.88810    
          62626.95020    
          62635.38130    
          62640.60690    
          62653.00830    
          62666.45150    
          62690.67710    
          62714.61210    
          62718.55050    
          62719.01430    
          62721.53960    
          62723.57470    
          62729.40130    
          62738.38430    
          62740.53990    
          62767.31810    
          62769.59940    
          62769.86360    
          62773.07310    
          62773.68620    
          62794.64060    
          62799.14930    
          62800.01810    
          62808.00880    
          62811.81540    
          62812.82830    
          62835.11600    
          62837.12860    
          62843.37130    
          62843.46030    
          62851.00590    
          62851.84940    
          62856.24230    
          62861.27030    
          62863.19220    
          62863.20420    
          62880.43580    
          62883.48760    
          62885.26590    
          62889.02050    
          62892.50490    
          62901.60270    
          62902.36130    
          62903.74790    
          62920.78090    
          62921.27560    
          62931.91920    
          62934.06510    
          62939.04740    
          62944.84020    
          62948.04240    
          62950.11600    
          62957.38460    
          62958.05860    
          62959.55330    
          62960.07000    
          62963.70560    
          62967.96630    
          62975.41990    
          62983.47150    
          62988.66150    
          62990.42120    
          62994.19900    
          62998.29750    
          62998.85610    
          63006.95810    
          63032.51430    
          63037.76670    
          63057.50020    
          63060.98160    
          63070.52030    
          63081.73140    
          63087.13490    
          63087.74670    
          63091.61720    
          63101.53960    
          63103.67690    
          63107.46360    
          63110.00590    
          63115.71290    
          63125.67700    
          63126.24920    
          63132.71040    
          63132.94530    
          63136.95840    
          63138.82010    
          63144.30100    
          63146.80660    
          63153.71960    
          63166.93680    
          63181.79360    
          63185.56670    
          63194.09260    
          63194.93600    
          63200.58860    
          63201.28490    
          63204.33480    
          63210.52910    
          63215.44560    
          63230.24970    
          63241.69680    
          63262.00660    
          63266.55080    
          63266.92050    
          63274.27870    
          63280.17000    
          75012.90000    
          75015.07750    
          75034.89120    
          75039.57200    
          75050.00480    
          75050.10680    
          75054.60270    
          75056.31770    
          75058.67440    
          75122.40080    
          75126.47650    
          75153.61270    
          75157.86970    
          75160.85770    
          75164.26090    
          75168.27290    
          75170.48600    
          75179.35780    
          75180.55190    
          75181.51940    
          75181.73460    
          75183.21660    
          75193.77320    
          75202.76180    
          75211.57920    
          75216.57970    
          75216.80820    
          75218.86810    
          75221.35720    
          75243.95830    
          75247.46910    
          75256.45990    
          75258.64120    
          75258.89220    
          75258.92710    
          75263.72720    
          75266.56850    
          75270.46010    
          75277.38340    
          75279.74950    
          75299.26450    
          75300.22540    
          75302.63630    
          75303.73980    
          75312.76860    
          75316.75720    
          75318.37400    
          75325.77840    
          75340.01570    
          75341.09180    
          75341.50110    
          75352.77600    
          75357.56510    
          75357.60890    
          75365.70070    
          75367.37320    
          75373.33310    
          75378.91500    
          75382.66940    
          75399.76810    
          75401.08570    
          75411.83880    
          75414.09660    
          75415.25280    
          75423.41250    
          75434.98440    
          80624.15560    
          80625.10640    
          80625.88680    
          80627.01330    
          80627.60490    
          80627.67530    
          80629.74110    
          80634.16980    
          80637.27510    
          80646.94980    
          80649.84320    
          80650.52230    
          80654.32650    
          80655.08940    
          80657.05170    
          80670.14060    
          80675.06920    
          80676.74510    
          80677.42140    
          80680.72020    
          80694.45590    
          80697.84830    
          80699.61630    
          80712.30330    
          80715.85100    
          80721.96480    
          80725.32650    
          80725.87910    
          80740.22600    
          80748.06040    
          80753.03130    
          80754.13430    
          80760.76050    
          80770.98130    
          80772.65570    
          80772.78990    
          80773.48770    
          80779.53370    
          80782.97650    
          80788.86830    
          80796.47050    
          80810.01210    
          80819.47970    
          80823.77560    
          80828.36420    
          80835.60960    
          80840.82140    
          80842.27530    
          80847.51660    
          80850.93790    
          80858.33710    
          80915.38930    
          80920.66790    
          80920.69850    
          80921.24030    
          80924.88220    
          80924.92700    
          80930.27880    
          80931.60640    
          80932.63580    
          80933.99850    
          80939.94560    
          80943.12030    
          80944.65200    
          80945.31300    
          80946.27590    
          80949.57640    
          80951.63720    
          80952.22870    
          80957.42520    
          80961.98480    
          80966.08310    
          80972.27100    
          80980.22200    
          80995.18320    
          80998.83040    
          80999.01050    
          81002.44190    
          81015.07450    
          81015.13940    
          81018.07340    
          81029.47000    
          81031.44880    
          81034.22550    
          81036.55460    
          81042.90040    
          81043.78740    
          81048.82560    
          81059.26430    
          81075.80520    
          81077.37180    
          81080.29690    
          81082.63160    
          81085.63140    
          81087.88300    
          81102.63550    
          81127.15560    
          81128.13250    
          81130.63720    
          81133.23590    
          81140.03130    
          81141.76660    
          81149.85040    
          81152.97470    
          81159.42510    
          81161.00500    
          81174.61650    
          81189.59220    
          81192.96060    
          81200.35520    
          81200.52290    
          81215.51650    
          81218.35160    
          81241.44350    
          81247.73980    
          81251.67490    
          81252.02720    
          81258.90050    
          81262.91150    
          81265.48460    
          81266.46010    
          81267.69390    
          81277.48650    
          81278.80120    
          81285.71960    
          81287.05800    
          81292.99410    
          81300.94100    
          81308.69390    
          81320.38930    
          81330.23400    
          81333.32640    
          81333.93480    
          81339.22140    
          81346.76320    
          81351.05400    
          81366.56780    
          81370.05490    
          81371.93360    
          81377.79580    
          81378.10130    
          81387.77100    
          81389.04230    
          81390.43790    
          81391.02540    
          81396.04480    
          81400.30720    
          81415.22420    
          81416.93250    
          81417.08970    
          81420.16690    
          81422.40840    
          81426.59160    
          81438.56310    
          81447.12700    
          81449.30060    
          81480.55290    
          81487.79950    
          81492.81960    
          81497.92870    
          81509.64810    
          81512.48660    
          81513.38170    
          81519.26680    
          81523.70500    
          81537.98160    
          81539.78510    
          81540.98220    
          81556.73950    
          81560.73500    
          81568.70060    
          81573.11240    
          81573.47150    
          86520.55660    
          86520.78120    
          86527.96590    
          86529.47840    
          86532.13600    
          86535.82400    
          86536.15270    
          86539.84280    
          86542.23760    
          86551.26850    
          86557.32550    
          86567.24470    
          86575.88820    
          86576.21870    
          86585.39920    
          86590.07630    
          86595.35720    
          86616.34230    
          86620.28540    
          86634.72110    
          86635.09470    
          86650.08060    
          86655.03180    
          86664.38120    
          86665.65860    
          86667.58310    
          86669.67410    
          86684.87430    
          86688.86880    
          86689.38190    
          86691.68450    
          86694.99150    
          86698.54630    
          86702.20520    
          86705.81240    
          86717.02620    
          86717.83970    
          86727.45760    
          86742.21040    
          86747.26690    
          86748.81190    
          86750.16670    
          86754.03630    
          86756.40400    
          86758.72520    
          86761.63470    
          86770.43730    
          86772.18510    
          86772.88860    
          86775.09460    
          86784.24830    
          86792.73640    
          86796.45600    
          86797.87470    
          86811.31990    
          86813.65910    
          86813.93880    
          86824.83380    
          86839.40480    
          86842.96840    
          86853.35420    
          86855.94080    
          86856.36290    
          86868.72510    
          86873.37480    
          86874.82970    
          86887.91070    
          86899.31910    
          86902.99680    
          86911.54180    
          86919.89260    
          86921.23580    
          86921.64610    
          86922.55130    
          86930.01050    
          86936.55470    
          86953.16350    
          86954.67560    
          86961.89700    
          86968.37970    
          86982.63110    
          86990.09790    
          86992.80140    
          86997.37550    
          87000.34870    
          87000.99440    
          87022.96510    
          87027.65870    
          87029.25590    
          87036.16840    
          87050.58910    
          87057.16040    
          87066.18240    
          87069.33650    
          87070.00120    
          87079.53820    
          87086.02240    
          87087.53980    
          87099.70430    
          87100.25590    
          87101.60630    
          87103.07700    
          87111.32210    
          87112.52580    
          87114.66120    
          87124.83120    
          87138.48610    
          87157.57450    
          87164.04420    
          87167.22910    
          87171.36410    
          87182.99960    
          87184.06490    
          87190.02550    
          87218.05190    
          87222.70190    
          87227.73890    
          87228.90140    
          87237.14440    
          87252.82530    
          87259.10110    
          87259.52770    
          87262.37410    
          87271.88000    
          87272.99860    
          87274.02800    
          87276.05520    
          87277.08780    
          87281.88450    
          87284.91380    
          87286.92550    
          87289.95740    
          87291.75940    
          87309.31630    
          87311.93020    
          87312.80200    
          87332.75080    
          87336.52330    
          87347.65850    
          87349.90960    
          87353.75710    
          87370.07700    
          87371.57770    
          87373.56330    
          87377.28140    
          87382.98810    
          87388.22560    
          87388.90420    
          87390.26930    
          87394.98680    
          87403.91860    
          87408.42890    
          87410.40990    
          87413.06490    
          87414.35940    
          87414.80050    
          87416.38320    
          87435.16160    
          87442.41030    
          87444.86370    
          87450.68280    
          87454.22080    
          87454.63950    
          87467.39340    
          87469.94980    
          87470.43300    
          87475.61710    
          87475.74330    
          92381.23890    
          92387.09460    
          92406.04970    
          92412.03610    
          92432.62020    
          92437.45490    
          92457.56370    
          92465.99560    
          92472.77260    
          92486.15540    
          92489.75310    
          92496.57150    
          92506.20900    
          92511.85370    
          92527.76420    
          92529.17920    
          92537.59460    
          92538.73770    
          92540.35650    
          92544.82880    
          92545.12600    
          92547.55550    
          92552.26730    
          92554.29780    
          92571.34870    
          92572.73880    
          92579.69420    
          92584.42230    
          92599.24300    
          92603.08830    
          92619.89600    
          92620.49010    
          92655.89730    
          92659.94320    
          92676.22880    
          92677.42070    
          92677.66730    
          92678.88270    
          92686.19080    
          92686.89090    
          92691.98630    
          92704.50860    
          92706.29970    
          92711.04520    
          92712.34270    
          92721.45920    
          92733.65770    
          92761.41110    
          92773.25170    
          92777.48360    
          92801.78660    
          92801.89510    
          92811.96750    
          92815.51330    
          92816.98300    
          92820.55560    
          92822.99680    
          92842.24630    
          92845.01750    
          92848.40740    
          92851.45790    
          92851.62720    
          92855.86820    
          92859.29440    
          92861.79370    
          92870.68520    
          92873.94620    
          92882.29510    
          92886.76770    
          92889.97160    
          92891.70490    
          92895.98180    
          92905.93270    
          92908.13180    
          92910.01120    
          92910.76140    
          92910.81070    
          92911.50120    
          92917.84250    
          92918.81340    
          92925.09730    
          92931.14440    
          92940.92130    
          92944.77950    
          92946.61040    
          92958.70590    
          92963.54050    
          92968.67980    
          92968.75100    
          92968.81520    
          92970.21570    
          92984.09720    
          92994.60060    
          92996.64350    
          92997.09150    
          92997.36440    
          92999.01940    
          93001.03300    
          93001.22340    
          93001.58090    
          93009.11200    
          93010.04990    
          93011.67320    
          93012.48300    
          93013.95750    
          93015.26580    
          93016.98260    
          93022.56150    
          93023.73020    
          93026.94830    
          93032.11510    
          93043.21840    
          93048.39470    
          93054.20160    
          93055.57100    
          93062.91040    
          93066.62940    
          93074.07260    
          93075.82570    
          93095.96770    
          93098.07780    
          93098.78790    
          93110.98810    
          93114.15420    
          93118.26100    
          93128.05520    
          93139.27790    
          93143.78550    
          93144.93570    
          93148.47710    
          93156.66470    
          93156.85480    
          93161.65730    
          93162.04800    
          93162.79750    
          93165.46720    
          93166.57390    
          93168.97270    
          93170.13700    
          93181.86870    
          93188.02300    
          93194.53150    
          93195.17490    
          93198.05610    
          93201.34440    
          93201.89430    
          93205.74350    
          93209.65770    
          93228.40370    
          98215.83550    
          98221.76740    
          98226.75470    
          98227.76200    
          98236.28670    
          98238.18750    
          98243.57320    
          98246.89510    
          98256.23040    
          98258.23910    
          98269.24650    
          98275.31150    
          98278.13990    
          98285.88810    
          98292.47270    
          98293.42450    
          98297.21490    
          98301.15790    
          98311.62730    
          98315.00730    
          98323.02140    
          98326.68660    
          98358.58350    
          98358.86370    
          98359.77740    
          98361.45890    
          98362.92280    
          98373.85870    
          98377.76200    
          98385.13230    
          98394.97800    
          98399.53350    
          98404.23160    
          98435.41620    
          98439.75560    
          98439.89280    
          98443.52120    
          98455.13700    
          98461.53440    
          98463.38250    
          98466.83640    
          98471.62240    
          98474.52600    
          98477.29420    
          98478.68820    
          98484.40690    
          98491.74000    
          98494.51080    
          98498.99530    
          98503.53370    
          98504.81040    
          98505.76660    
          98507.04110    
          98521.37960    
          98523.95480    
          98533.88520    
          98535.67440    
          98537.15010    
          98553.76520    
          98554.40930    
          98564.52790    
          98564.94200    
          98568.41030    
          98569.29420    
          98573.47220    
          98576.89130    
          98598.62520    
          98603.49210    
          98613.13220    
          98615.94460    
          98620.51370    
          98624.05710    
          98626.99030    
          98640.48090    
          98647.59660    
          98654.20230    
          98660.61960    
          98663.23090    
          98663.99490    
          98664.11090    
          98670.60160    
          98675.16780    
          98690.01140    
          98701.13210    
          98705.39870    
          98719.07640    
          98720.39810    
          98721.03560    
          98721.14760    
          98724.49870    
          98728.94500    
          98729.35780    
          98744.34890    
          98750.05530    
          98751.43040    
          98757.40720    
          98764.01930    
          98773.07380    
          98776.45170    
          98780.35000    
          98780.87280    
          98786.43610    
          98790.14090    
          98800.30700    
          98800.67130    
          98804.55450    
          98809.09040    
          98812.66860    
          98812.73660    
          98819.10830    
          98820.00110    
          98826.92270    
          98828.97320    
          98832.89020    
          98833.74360    
          98834.21040    
          98846.12620    
          98853.15940    
          98855.28760    
          98856.95070    
          98859.94910    
          98864.01780    
          98873.42200    
          98876.55550    
          98892.71080    
          98911.68100    
          98917.39400    
          98917.57200    
          98925.24240    
          98931.87750    
          98935.53120    
          98936.98590    
          98946.37360    
          98948.43010    
          98954.11420    
          98960.53400    
          98964.09300    
          98965.71090    
          98965.99980    
          98969.19260    
          98976.72780    
          98981.69890    
          98982.29660    
          99001.26030    
          99008.60370    
          99009.91200    
          99010.86310    
          99015.19110    
          99015.83600    
          99018.70580    
          99018.95330    
          99026.82450    
          99028.44170    
          99029.10740    
          99038.15400    
          99038.77820    
          99040.09030    
          99049.70980    
          104064.8662    
          104070.9836    
          104072.9940    
          104073.9333    
          104078.4178    
          104081.5489    
          104082.6451    
          104092.3244    
          104094.2436    
          104098.2071    
          104100.9161    
          104101.8906    
          104101.8943    
          104103.3644    
          104107.7956    
          104110.3802    
          104112.5102    
          104112.8628    
          104113.5994    
          104116.1958    
          104119.2578    
          104119.8212    
          104123.3445    
          104135.2197    
          104140.5920    
          104143.7352    
          104150.2116    
          104151.8458    
          104162.8048    
          104164.0385    
          104169.1764    
          104179.7866    
          104187.2812    
          104189.6163    
          104191.8927    
          104193.5226    
          104217.6990    
          104219.8004    
          104228.0031    
          104231.7913    
          104255.5597    
          104259.6135    
          104268.2625    
          104270.4135    
          104272.2267    
          104272.3379    
          104275.1229    
          104282.3723    
          104282.4549    
          104288.2652    
          104288.6027    
          104289.9739    
          104299.5412    
          104301.1727    
          104305.0549    
          104306.9358    
          104313.9551    
          104317.5286    
          104321.9569    
          104339.7849    
          104341.7193    
          104344.2226    
          104348.2544    
          104357.1436    
          104358.1979    
          104362.7049    
          104365.6723    
          104367.3275    
          104376.4059    
          104378.8454    
          104380.9918    
          104381.7174    
          104391.7864    
          104394.0364    
          104407.5866    
          104422.6276    
          104426.5134    
          104431.4070    
          104433.3221    
          104434.6745    
          104436.2092    
          104442.2223    
          104446.9722    
          104451.2763    
          104457.0529    
          104460.1083    
          104460.4318    
          104461.2139    
          104465.2929    
          104469.5028    
          104490.6954    
          104491.9884    
          104496.9688    
          104497.9678    
          104501.1290    
          104504.6474    
          104510.7436    
          104512.2025    
          104513.4659    
          104528.0554    
          104531.2750    
          104534.1174    
          104534.9193    
          104535.8893    
          104539.1411    
          104549.5906    
          104549.6643    
          104550.7920    
          104556.1918    
          104560.7111    
          104567.9507    
          104568.6191    
          104569.3324    
          104574.1525    
          104593.6087    
          104595.4921    
          104595.8306    
          104604.5654    
          104606.8234    
          104615.7252    
          104624.7010    
          104627.6501    
          104633.1176    
          104636.2491    
          104655.9531    
          104669.5472    
          104670.3714    
          104674.9864    
          104676.0336    
          104679.9414    
          104680.4117    
          104686.0700    
          104688.5176    
          104690.6931    
          104691.5780    
          104692.6714    
          104701.6851    
          104704.3763    
          104707.0765    
          104707.3677    
          104718.1874    
          104727.5248    
          104728.9867    
          104732.5257    
          104748.0896    
          104751.1416    
          104751.3192    
          104762.0407    
          104769.8798    
          104772.5460    
          104772.6340    
          104776.4879    
          104780.5911    
          104797.4576    
          104803.5157    
          104806.6115    
          104808.4306    
          104809.7365    
          104812.1971    
          107517.0856    
          107522.5900    
          107523.3488    
          107529.9561    
          107533.6749    
          107533.7250    
          107542.6344    
          107571.7624    
          107576.1604    
          107585.9476    
          107590.3013    
          107612.2518    
          107618.8984    
          107619.1444    
          107635.4149    
          107635.7632    
          107640.5792    
          107647.5437    
          107647.8062    
          107661.2274    
          107661.3853    
          107662.3617    
          107664.9075    
          107677.9085    
          107679.7035    
          107680.8953    
          107687.2935    
          107687.4536    
          107688.5937    
          107689.6779    
          107693.1385    
          107698.5560    
          107717.9608    
          107719.5960    
          107722.7384    
          107725.9778    
          107728.4383    
          107729.9993    
          107746.6605    
          107749.5153    
          107755.4565    
          107759.9573    
          107759.9932    
          107760.6210    
          107769.5736    
          107774.2572    
          107774.9719    
          107777.3120    
          107778.1711    
          107781.7767    
          107786.0521    
          107790.3246    
          107797.8636    
          107801.5923    
          107806.8276    
          107809.7703    
          107813.2423    
          107818.3829    
          107818.3847    
          107821.7585    
          107824.5786    
          107833.2717    
          107838.6166    
          107841.1134    
          107847.9541    
          107853.5838    
          107862.1977    
          107877.4059    
          107877.4226    
          107883.6681    
          107899.7217    
          107899.8672    
          107919.0608    
          107919.6052    
          107927.3492    
          107932.2279    
          107937.7657    
          107938.9182    
          107939.2660    
          107942.5963    
          107952.3853    
          107962.5217    
          107965.1157    
          107972.9998    
          107975.7382    
          107978.7479    
          107984.6969    
          107986.1694    
          107989.3805    
          107990.9835    
          107993.0991    
          108010.0560    
          108013.0311    
          108017.5362    
          108019.8067    
          108029.5284    
          108031.5076    
          108032.4367    
          108044.1787    
          108057.5809    
          108068.9828    
          108087.0480    
          108089.4795    
          108091.2446    
          108096.7696    
          108098.2050    
          108104.6632    
          108108.5814    
          108114.0474    
          108125.3111    
          108133.3893    
          108136.0499    
          108136.9886    
          108137.4606    
          108140.2865    
          108150.4196    
          108169.0978    
          108170.6597    
          108171.5973    
          108172.0792    
          108188.9644    
          108190.7947    
          108192.8451    
          108193.4105    
          108194.5989    
          108206.5942    
          108209.4038    
          108214.6273    
          108227.0660    
          108233.8062    
          108234.7107    
          108236.7163    
          108237.6952    
          108239.7388    
          108241.4292    
          108243.9235    
          108245.4356    
          109931.5366    
          109945.1214    
          109963.6205    
          109963.9405    
          109978.3451    
          109979.2779    
          109983.2590    
          110003.7089    
          110006.5714    
          110017.2571    
          110017.7806    
          110030.7702    
          110035.4623    
          110055.0253    
          110059.5788    
          110061.3735    
          110061.5734    
          110064.4465    
          110070.4239    
          110072.3463    
          110074.9672    
          110084.6879    
          110085.3080    
          110088.9636    
          110089.3817    
          110089.5284    
          110090.3329    
          110093.7585    
          110101.7269    
          110103.7798    
          110104.4863    
          110117.3332    
          110121.4921    
          110130.8264    
          110131.9569    
          110135.2191    
          110135.3873    
          110138.8720    
          110140.0940    
          110150.2147    
          110152.1204    
          110161.1080    
          110174.8743    
          110191.2036    
          110192.8585    
          110202.5866    
          110205.1358    
          110227.7424    
          110231.3233    
          110239.0526    
          110239.8317    
          110242.0990    
          110249.4947    
          110253.5027    
          110255.6154    
          110266.9904    
          110278.1866    
          110286.2175    
          110286.8644    
          110290.9215    
          110295.3055    
          110301.3361    
          110303.1521    
          110304.5834    
          110305.8900    
          110312.9775    
          110316.3708    
          110324.2347    
          110329.4936    
          110333.1231    
          110336.5919    
          110341.7781    
          110342.0464    
          110354.6881    
          110358.9092    
          110359.3681    
          110360.5004    
          110363.8393    
          110366.0565    
          110372.1785    
          110398.0656    
          110405.8812    
          110410.3899    
          110413.6172    
          110414.1784    
          110421.4185    
          110425.5137    
          110426.8047    
          110427.4031    
          110447.9992    
          110458.1222    
          110458.6955    
          110460.8568    
          110468.0705    
          110469.1730    
          110475.3143    
          110479.8998    
          110488.7617    
          110490.8281    
          110493.9840    
          110495.5129    
          110504.7731    
          110507.8900    
          110510.7906    
          110514.8256    
          110526.2500    
          110526.7329    
          110528.5699    
          110540.7447    
          110542.9727    
          110547.6665    
          110555.3702    
          110556.7151    
          110559.6314    
          110565.1999    
          110565.4042    
          110566.0834    
          110572.8805    
          110574.9216    
          115718.8682    
          115722.4528    
          115723.8352    
          115728.7207    
          115730.3010    
          115737.4418    
          115737.9801    
          115739.3920    
          115740.3604    
          115744.5641    
          115748.9657    
          115750.0714    
          115751.2490    
          115755.7892    
          115758.7465    
          115760.2889    
          115771.7155    
          115778.3123    
          115804.1081    
          115805.6785    
          115808.1298    
          115818.8468    
          115821.5030    
          115829.9991    
          115830.5604    
          115831.4492    
          115834.2459    
          115838.3474    
          115840.8479    
          115847.4690    
          115847.8433    
          115848.8030    
          115856.4159    
          115863.5506    
          115864.3268    
          115871.3442    
          115871.8566    
          115875.9762    
          115878.7077    
          115882.2705    
          115883.8262    
          115887.3399    
          115890.6963    
          115894.2935    
          115906.7735    
          115926.5238    
          115932.2553    
          115937.6931    
          115948.0867    
          115954.1350    
          115962.1054    
          115969.0381    
          115971.0910    
          115972.2063    
          115977.9383    
          115982.3305    
          115987.5905    
          115988.5202    
          115998.3187    
          116015.9136    
          116020.3719    
          116023.2787    
          116033.6829    
          116036.1815    
          116037.8800    
          116043.3865    
          116046.1960    
          116053.0161    
          116055.3700    
          116063.7551    
          116063.9824    
          116079.1107    
          116084.4963    
          116086.1376    
          116092.6121    
          116102.0603    
          116114.9327    
          116119.1701    
          116121.8051    
          116123.5790    
          116130.5377    
          116134.4487    
          116135.2922    
          116136.0656    
          116138.7711    
          116143.6911    
          116157.5529    
          116167.1670    
          116177.4349    
          116182.9300    
          116197.1501    
          116202.8009    
          116204.3974    
          116206.0213    
          116207.1737    
          116218.0194    
          116227.5956    
          116231.3670    
          116235.2939    
          116239.8218    
          116269.0963    
          116269.5737    
          116273.7603    
          116277.1353    
          116279.3591    
          116280.7368    
          116286.4745    
          116287.4805    
          116292.9364    
          116293.0751    
          116300.2942    
          116314.5633    
          116319.2492    
          116320.6023    
          116323.1961    
          116323.5526    
          116331.8933    
          116335.5136    
